Results with Linear Model w/10 Features
Rewards before training: [0.000693, 0.044356, -0.024394, -0.016719, 0.055105, 0.031619, 0.034898, -0.044634, -0.01112, -0.013138, -0.037772, -0.00793, 0.026141, -0.007717, -0.013288, -0.016887, -0.006149, 0.000881, -0.038908, -0.071656, 0.02762, 0.037392, 0.023681, -0.057089, 0.01412, -0.060451, -0.082576, -0.03149, -0.037694, 0.022121, 0.004651, -0.085538, 0.004329, -0.069262, 0.02363, -0.020932, 0.043581, -0.00878, 0.000133, -0.009785, 0.026804, 0.000821, -0.00098, -0.047039, 0.015013, 0.011921, 0.050636, 0.010809, 0.008524, 0.044812, 0.019735, -0.001451, 0.034783, -0.033915, -0.030859, -0.065339, -0.071497, 0.046943, -0.058646, -0.02971, -0.029133, 0.071371, -0.014607, -0.026833, -0.017121, 0.018423, 0.027649, 0.031856, -0.003004, -0.017717, -0.06848, -0.003778, -0.006031, 0.047534, 0.04454, -0.025068, -0.014693, 0.014373, -0.041372, -0.058419, -0.01912, 0.071469, 0.032508, -0.012751, -0.115257, -0.013739, 0.016313, 0.025466, -0.071249, 0.025282, -0.014724, -0.01692, 0.060016, 0.043663, -0.015372, -0.026412, 0.044208, -0.026774, -0.051245, -0.046849]
Rewards after training: [-1.51419, -1.520673, -3.658039, -2.321147, -1.608893, -0.035602, -1.408606, -1.738552, -0.683235, -3.12066, -2.72869, -1.288177, -0.845453, -2.933009, -1.61221, -1.040225, -1.036263, -1.724366, -1.914121, -0.925069, 0.076422, -1.698577, -1.20555, -1.675769, -0.325257, -2.506716, -0.674064, -1.385608, -2.880244, -0.842828, -1.631257, -0.837387, -1.514925, -2.143401, -1.011771, -0.925803, -2.344834, -1.438327, -0.307089, -1.747098, -0.049374, -0.11036, -2.801932, -2.211813, -2.071573, -0.229319, -0.40113, -0.889207, -2.625111, -0.549221, -3.477846, -2.014421, -1.53156, -0.864783, -1.886432, -1.658114, -1.366672, -2.365271, -0.087061, -1.657139, -2.738261, -2.326115, -1.811421, -0.633935, -1.976643, -1.517806, -2.45765, -0.326051, -3.834617, -0.320832, -1.443073, -0.648651, -4.327292, -3.548524, -0.563466, -2.224401, -1.462704, -0.614224, -2.169715, -1.748722, -1.697943, -2.030084, -0.557377, -2.14759, -0.96448, -0.620159, -2.457313, -1.667915, -0.672248, -0.770861, 0.20586, 0.237348, -1.305333, -1.731601, -1.760415, -1.231463, -0.553737, -1.664106, -1.133416, -2.808554]
Mean Rewards before training: -0.006295899999999998
Mean Rewards after training: -1.51551092

Results with Linear Model w/50 Features
Rewards before training: [0.157455, 0.227603, 0.331617, 0.213937, 0.144127, 0.130992, 0.215741, 0.194221, 0.30347, 0.226258, 0.216298, 0.160964, 0.19215, 0.460381, 0.187324, 0.091479, 0.342601, 0.212187, 0.200074, 0.42731, 0.124214, 0.327993, 0.068642, 0.425141, 0.308861, 0.300758, 0.299311, 0.206871, 0.16789, 0.346969, 0.288612, 0.167403, 0.294153, 0.34095, 0.314363, 0.305458, 0.264308, 0.091585, 0.372232, -0.0629, 0.149832, 0.306541, 0.369131, 0.110177, 0.325433, 0.203393, 0.256648, 0.237145, 0.226757, 0.28602, 0.097341, 0.278603, 0.384863, 0.345651, 0.101895, 0.243513, 0.299418, 0.053265, 0.021111, 0.202298, 0.27368, 0.028295, 0.222951, 0.54975, 0.246226, 0.037862, 0.307251, 0.3879, 0.25382, 0.317063, 0.102718, 0.452599, 0.219888, 0.452067, 0.181898, 0.253207, 0.378651, 0.568873, 0.532445, 0.148656, 0.143465, 0.254152, 0.247188, 0.07747, 0.389523, 0.147261, 0.528763, 0.376595, 0.268946, 0.262252, -0.030367, 0.440487, 0.35549, 0.306698, 0.378664, 0.295464, 0.080753, 0.060933, 0.206991, 0.495373]
Rewards after training: [2.707327, -1.706437, 0.223116, -1.040483, -1.474391, -2.687919, 1.148477, -2.902823, -3.710888, 0.589949, 0.653873, -1.709355, 3.293727, -0.416704, 0.965537, 2.975784, 2.329133, 0.270355, 1.799296, 2.645634, 1.350129, 5.197836, -2.890439, -3.649659, 1.713848, -0.158689, -0.190363, -2.704954, -0.811224, -0.275182, 0.608147, 1.506723, -1.928324, 2.018664, -1.088847, 0.841564, 3.65545, -1.221407, 0.389324, 0.604149, -2.083296, -5.99964, -3.763641, -1.163944, -1.204424, 2.357762, -0.490126, -2.011953, 0.022057, 3.380969, -0.03456, -0.267539, 2.108069, 2.016452, -1.869971, -0.558144, -0.128713, 1.743611, -0.157709, 2.276868, 0.069902, -0.151159, -0.270615, 0.857181, 1.89943, 3.987619, -0.215972, 1.487521, 2.547828, 1.165936, 2.230342, -0.887175, -0.907076, 1.733258, -1.972445, 1.521228, 2.116432, 2.432526, -1.696375, -0.811783, 0.33525, -0.696247, -1.034449, -1.971116, -3.493695, 0.268947, -3.79986, 0.77003, 2.806785, -5.110045, 3.874347, -0.056281, 1.924261, -2.286923, 1.44666, 3.306489, -3.108808, -1.246085, 0.46034, -1.509107]
Mean Rewards before training: 0.25289939
Mean Rewards after training: 0.07109177999999998

Results with Nonlinear Model w/10 Features
Rewards before training: [0.061148, -0.045251, 0.07904, 0.002726, 0.073652, -0.02954, 0.102558, 0.0315, 0.045025, -0.015362, 0.102244, 0.017505, 0.066804, -0.036707, 0.060379, 0.022339, 0.078916, -0.032292, -0.00132, 0.065869, 0.102229, 0.013884, 0.059926, 0.018581, 0.137283, -0.040226, 0.04543, 0.029341, 0.080909, -0.010587, 0.124248, 0.036306, 0.062946, 0.000893, 0.137154, -0.008998, 0.101875, -0.002366, 0.148666, 0.059186, 0.086632, 0.004766, 0.095852, -0.058832, 0.057385, 0.012934, 0.169367, 0.033968, 0.067945, -0.046258, 0.131091, 0.015668, 0.105985, -0.00924, 0.109128, 0.064637, 0.098802, -0.038057, 0.0829, 0.040128, 0.1219, -0.041832, 0.051579, 0.06962, 0.053645, -0.061491, 0.069558, 0.044141, 0.071535, -0.002985, 0.043502, 0.07612, -0.014893, 0.010217, 0.085134, 0.0035, 0.105047, 0.019168, 0.082331, 0.052425, 0.09206, 0.022589, 0.086448, 0.040393, 0.08722, 0.007452, 0.05067, -0.027697, 0.116872, -0.02711, 0.096275, 0.033295, 0.070081, -0.011188, 0.087326, 0.00126, 0.028213, 0.047168, -0.017392, 0.022944]
Rewards after training: [0.722735, 0.478736, 4.198596, -0.870415, 1.382985, 0.435959, 2.393371, -0.183462, -0.458546, 0.143283, 2.256258, -1.174192, 0.053447, 2.566151, 0.67213, -1.176714, 0.837711, -0.780554, 1.716991, -0.874442, 0.202475, -0.334208, 1.398668, -0.533471, 0.711347, 0.192024, 3.554564, -0.998984, -0.131723, -0.558773, 2.125023, -0.761416, -0.011616, 1.484177, 2.539794, -1.067339, -0.209335, -0.453314, 2.014761, -0.563752, 0.218055, 0.326676, 2.8764, -0.832093, 0.23932, 0.015924, 2.131239, -1.906547, -1.012721, 1.154596, 3.778779, -0.779554, 0.804194, -0.448737, 2.934112, -1.832563, 0.49624, 0.960249, 3.027952, -0.870238, 0.304608, -0.441015, 3.617899, -1.088616, -0.747416, 0.183221, 3.036048, -0.678638, -0.643581, 0.384658, 3.535046, 0.230743, -0.937846, -0.209683, 3.571794, -0.996733, -1.06159, 0.695372, 3.287939, -1.02562, -0.121535, 0.812358, 0.269592, -1.301856, 0.846018, 0.947895, 2.954961, -0.625066, 0.578665, -0.851462, 2.60787, -0.87869, 0.221901, -0.081191, 1.689612, -1.077982, -0.322919, 1.222996, 2.307022, -0.221131]
Mean Rewards before training: 0.04415813999999999
Mean Rewards after training: 0.5221386100000001

Results with Nonlinear Model w/50 Features
Rewards before training: [-0.33283, 0.136035, 0.078521, 0.000508, -0.33537, 0.095946, 0.143513, -0.02358, -0.346668, 0.096116, 0.161253, 0.010893, -0.313448, 0.101873, 0.112691, -0.025891, -0.318036, 0.205413, 0.128075, -0.011231, -0.316583, 0.230165, 0.086578, 0.002848, -0.284655, 0.162367, 0.133011, -0.0537, -0.320391, 0.102769, 0.132814, -0.059275, -0.306548, 0.133977, 0.142587, -0.090247, -0.301898, 0.103198, 0.132579, 0.025852, -0.379893, 0.206871, 0.138048, -0.037863, -0.382578, 0.132758, 0.098107, 0.052501, -0.263889, 0.084399, 0.159519, 0.006696, -0.277194, 0.128447, 0.141035, -0.031954, -0.309669, 0.095545, 0.064894, -0.005119, -0.280259, 0.186377, 0.135662, -0.035332, -0.296206, 0.111822, 0.136654, -0.022704, -0.217688, 0.131137, 0.112912, 0.035173, -0.256717, 0.277534, 0.126694, -0.040288, -0.350658, 0.135523, 0.108584, -0.034093, -0.267524, 0.184303, 0.130907, -0.030673, -0.29041, 0.141578, 0.155599, -0.05225, -0.345841, 0.146497, 0.17083, 0.007217, -0.337934, 0.171629, 0.143686, -0.061658, -0.187467, 0.117883, 0.231643, 0.007935]
Rewards after training: [0.809027, 2.221482, 1.541452, 3.493055, 1.435551, 1.51226, 1.010176, 2.977072, 1.439008, 0.468612, 2.342445, 2.947071, 0.032128, 0.625374, 0.349402, 1.998616, 1.027457, 1.128529, 0.929653, 2.303159, -0.821398, 0.996915, -0.08632, 2.363822, -0.966468, 1.903544, 0.579716, 2.424342, 1.918034, 1.312508, 0.723577, 3.043191, 0.621584, 0.685251, 2.839696, 4.116764, 2.618418, 1.310483, 1.846629, 2.450868, 0.13599, 2.286057, 2.494799, 2.11637, 0.94603, 1.601619, -0.741751, 1.473939, 0.637149, 3.376884, 0.0698, 2.331173, 0.750827, 1.65466, 0.869106, 3.105164, 2.938926, -1.053244, 0.34463, 3.228046, 1.496551, -0.183665, 1.293164, 2.270166, 4.358945, 0.966056, -0.226953, 2.846628, 1.886677, 2.723355, 2.034838, 2.521147, 2.91178, -1.891481, 1.555902, 1.582277, 1.333612, 0.032505, 0.259966, 2.818768, 0.569627, 1.022381, 0.448073, 1.686801, 2.958822, 1.808267, 2.95697, 0.749364, 0.061848, 0.894184, 3.184591, 3.591807, 0.095024, 2.845634, 2.032586, 2.637239, 1.879694, 0.955993, 1.584361, 0.966201]
Mean Rewards before training: -0.011600310000000004
Mean Rewards after training: 1.5255856400000005